WCS,12/19/2017 10:10:00 AM,119.08,119.79,119.08,119.79,2700,0
WCS,12/22/2017 9:00:00 AM,109.28,109.28,109.28,109.28,100,0
WCS,12/26/2017 10:20:00 AM,113.45,113.45,113.45,113.45,3000,0
WCS,12/27/2017 2:25:00 PM,113.52,113.52,112.75,112.75,3000,0
WCS,12/28/2017 9:00:00 AM,101.47,113.45,101.47,112.75,2200,0
WCS,12/29/2017 9:00:00 AM,112.75,113.45,112.75,112.75,4900,0
WCS,1/2/2018 9:05:00 AM,112.75,112.75,112.75,112.75,2100,0
WCS,1/3/2018 11:25:00 AM,112.75,112.75,112.11,112.38,3900,0
WCS,1/4/2018 9:00:00 AM,112.75,114.85,112.75,114.85,8200,0
WCS,1/5/2018 2:10:00 PM,112.81,112.81,112.75,112.75,5900,0
WCS,1/8/2018 1:55:00 PM,112.81,112.81,112.81,112.81,100,0
WCS,1/9/2018 9:55:00 AM,114.15,116.26,112.88,112.88,3300,0
WCS,1/12/2018 9:05:00 AM,116.26,116.26,116.26,116.26,1100,0
WCS,1/15/2018 11:00:00 AM,116.26,116.26,112.81,116.26,600,0
WCS,1/16/2018 1:20:00 PM,116.26,116.26,116.26,116.26,100,0
WCS,1/17/2018 10:15:00 AM,113.09,113.09,113.09,113.09,200,0
WCS,1/18/2018 2:05:00 PM,113.79,113.79,113.45,113.45,200,0
WCS,1/19/2018 9:10:00 AM,116.26,116.26,113.45,113.45,800,0
WCS,1/22/2018 10:55:00 AM,113.45,113.45,112.75,112.75,2200,0
WCS,1/23/2018 9:10:00 AM,112.75,112.75,112.75,112.75,200,0
WCS,1/24/2018 9:25:00 AM,112.75,112.75,112.75,112.75,500,0
WCS,1/25/2018 9:45:00 AM,112.75,112.75,112.75,112.75,500,0
WCS,1/26/2018 9:00:00 AM,116.26,116.26,115.56,115.56,800,0
WCS,1/29/2018 9:05:00 AM,115.56,115.56,112.75,112.75,500,0
WCS,1/30/2018 9:45:00 AM,112.75,116.26,112.75,116.26,700,0
WCS,2/1/2018 11:10:00 AM,116.26,116.26,116.26,116.26,400,0
WCS,2/6/2018 9:00:00 AM,109.21,109.21,106.4,109.21,4900,0
WCS,2/7/2018 9:00:00 AM,109.21,109.92,109.21,109.92,5200,0
WCS,2/8/2018 9:00:00 AM,109.92,115.56,109.92,115.56,1200,0
WCS,2/9/2018 9:05:00 AM,115.56,115.56,115.56,115.56,100,0
WCS,2/12/2018 1:00:00 PM,115.56,115.56,115.56,115.56,100,0
WCS,2/13/2018 1:50:00 PM,116.26,116.26,112.75,112.75,300,0
WCS,2/22/2018 10:15:00 AM,112.75,112.75,112.75,112.75,600,0
WCS,2/23/2018 9:10:00 AM,112.75,112.75,112.75,112.75,800,0
WCS,2/26/2018 10:00:00 AM,112.75,112.75,112.75,112.75,500,0
WCS,2/27/2018 9:20:00 AM,112.75,114.85,112.75,114.85,300,0
WCS,2/28/2018 2:45:00 PM,112.75,112.75,112.75,112.75,100,0
WCS,3/1/2018 10:25:00 AM,112.75,112.75,112.75,112.75,300,0
WCS,3/5/2018 9:40:00 AM,112.75,112.75,112.75,112.75,300,0
WCS,3/6/2018 9:35:00 AM,112.75,112.75,112.75,112.75,600,0
WCS,3/7/2018 9:15:00 AM,112.75,112.75,112.75,112.75,400,0
WCS,3/9/2018 1:20:00 PM,115.49,115.49,115.49,115.49,100,0
WCS,3/13/2018 1:55:00 PM,109.43,109.43,109.43,109.43,100,0
WCS,3/15/2018 9:20:00 AM,109.21,109.21,109.21,109.21,400,0
WCS,3/16/2018 1:00:00 PM,109.92,109.92,109.92,109.92,100,0
WCS,3/21/2018 9:00:00 AM,116.26,116.26,116.26,116.26,100,0
WCS,3/22/2018 9:00:00 AM,104.63,104.63,104.63,104.63,100,0
WCS,3/23/2018 9:10:00 AM,109.36,111.33,107.1,108.87,6000,0
WCS,3/26/2018 9:40:00 AM,108.87,109.21,108.87,109.21,1000,0
WCS,3/27/2018 10:05:00 AM,109.21,109.92,108.87,109.21,1400,0
WCS,3/28/2018 9:40:00 AM,109.92,109.92,108.87,108.87,2900,0
WCS,3/29/2018 9:40:00 AM,108.95,109.21,108.87,109.21,3200,0
WCS,3/30/2018 10:40:00 AM,108.87,108.87,108.87,108.87,1500,0
WCS,4/2/2018 11:05:00 AM,108.87,108.87,108.5,108.5,800,0
WCS,4/3/2018 10:00:00 AM,108.5,108.5,108.5,108.5,1100,0
WCS,4/4/2018 10:50:00 AM,108.58,108.58,108.3,108.3,3300,0
WCS,4/5/2018 9:40:00 AM,108.3,108.3,108.23,108.3,3300,0
WCS,4/9/2018 9:25:00 AM,108.5,108.5,107.95,108.5,2400,0
WCS,4/10/2018 9:35:00 AM,108.5,108.5,108.37,108.37,600,0
WCS,4/11/2018 10:25:00 AM,109.21,109.21,108.37,108.37,700,0
WCS,4/12/2018 9:00:00 AM,97.59,108.37,97.59,108.37,200,0
WCS,4/13/2018 9:00:00 AM,109.21,109.21,109.21,109.21,100,0
WCS,4/16/2018 11:25:00 AM,109.21,109.21,109.21,109.21,100,0
WCS,4/17/2018 10:25:00 AM,109.21,109.21,109.21,109.21,500,0
WCS,4/19/2018 1:50:00 PM,105.84,105.84,105.76,105.76,800,0
WCS,4/20/2018 11:10:00 AM,106.04,106.04,105.76,106.04,5600,0
WCS,4/23/2018 9:40:00 AM,106.04,106.04,106.04,106.04,500,0
WCS,4/24/2018 9:00:00 AM,95.47,105.98,95.47,105.98,300,0
WCS,4/26/2018 9:00:00 AM,95.83,109.92,95.83,109.92,200,0
WCS,4/27/2018 9:00:00 AM,98.92,98.92,98.92,98.92,100,0
WCS,5/2/2018 9:00:00 AM,104.29,104.29,104.29,104.29,1100,0
WCS,5/3/2018 9:00:00 AM,104.29,104.29,103.58,103.58,1600,0
WCS,5/4/2018 9:45:00 AM,103.58,104.29,103.58,104.29,1100,0
WCS,5/7/2018 10:45:00 AM,104.29,104.29,104.29,104.29,200,0
WCS,5/9/2018 1:35:00 PM,100.05,102.17,100.05,102.17,700,0
WCS,5/10/2018 9:25:00 AM,102.17,102.17,100.05,100.05,1800,0
WCS,5/11/2018 9:50:00 AM,100.05,100.05,100.05,100.05,600,0
WCS,5/14/2018 11:15:00 AM,98.01,98.01,97.94,97.94,600,0
WCS,5/15/2018 9:20:00 AM,97.94,97.94,97.94,97.94,600,0
WCS,5/16/2018 10:05:00 AM,97.94,97.94,97.94,97.94,1100,0
WCS,5/17/2018 10:15:00 AM,97.94,104.92,97.94,104.92,1000,0
WCS,5/21/2018 2:45:00 PM,104.07,104.07,104.07,104.07,100,0
WCS,5/22/2018 9:00:00 AM,96.18,96.18,96.18,96.18,200,0
WCS,5/23/2018 9:00:00 AM,100.1,100.1,99.05,99.05,200,0
WCS,5/24/2018 2:20:00 PM,103.61,103.61,103.61,103.61,100,0
WCS,5/25/2018 9:00:00 AM,97.6,97.6,97.6,97.6,100,0
WCS,5/28/2018 9:45:00 AM,97.6,103.61,97.6,103.61,1200,0
WCS,5/29/2018 9:20:00 AM,97.6,97.6,97.6,97.6,600,0
WCS,5/30/2018 11:15:00 AM,97.6,97.6,97.6,97.6,1000,0
WCS,5/31/2018 9:20:00 AM,97.6,97.6,94.46,94.46,4000,0
WCS,6/1/2018 9:45:00 AM,94.39,94.46,87.96,94.46,4000,0
WCS,6/4/2018 9:30:00 AM,100.1,100.1,92.97,94.75,3700,0
WCS,6/5/2018 9:15:00 AM,93.67,94.75,93.67,94.75,2400,0
WCS,6/6/2018 9:15:00 AM,92.97,94.75,92.97,94.75,3100,0
WCS,6/7/2018 9:20:00 AM,92.97,93.04,92.97,93.04,4200,0
WCS,6/8/2018 9:30:00 AM,93.04,93.04,93.04,93.04,4000,0
WCS,6/11/2018 9:40:00 AM,93.11,93.11,93.04,93.04,2600,0
WCS,6/12/2018 9:25:00 AM,99.25,99.25,93.04,98.75,4300,0
WCS,6/13/2018 9:00:00 AM,88.89,93.67,88.89,93.67,500,0
WCS,6/14/2018 9:35:00 AM,93.67,94.39,92.97,93.67,6000,0
WCS,6/15/2018 9:05:00 AM,96.54,96.54,93.67,93.67,3400,0
WCS,6/18/2018 1:55:00 PM,93.67,93.67,93.67,93.67,2900,0
WCS,6/21/2018 9:00:00 AM,85.81,94.75,85.81,94.75,200,0
WCS,6/29/2018 10:10:00 AM,92.25,99.62,92.25,99.62,200,0
WCS,7/2/2018 9:00:00 AM,96.54,96.54,90.82,90.82,1600,0
WCS,7/3/2018 9:55:00 AM,90.82,90.82,87.24,87.67,1700,0
WCS,7/4/2018 9:10:00 AM,87.67,87.67,87.67,87.67,2000,0
WCS,7/5/2018 9:35:00 AM,87.67,96.11,87.67,96.11,1400,0
WCS,7/9/2018 9:25:00 AM,86.95,86.95,86.95,86.95,1200,0
WCS,7/10/2018 9:35:00 AM,85.81,86.53,85.81,86.53,1100,0
WCS,7/12/2018 9:00:00 AM,84.38,94.25,84.38,94.25,300,0
WCS,7/23/2018 9:00:00 AM,86.59,89.39,86.59,89.39,500,0
WCS,7/25/2018 1:30:00 PM,90.1,90.1,90.1,90.1,200,0
WCS,7/30/2018 9:00:00 AM,91.89,91.89,90.82,90.82,1900,0
WCS,8/1/2018 1:05:00 PM,90.82,90.82,90.82,90.82,900,0
WCS,8/3/2018 10:10:00 AM,90.1,91.53,90.1,91.53,900,0
WCS,8/6/2018 9:45:00 AM,90.82,90.82,90.1,90.1,600,0
WCS,8/7/2018 9:10:00 AM,90.1,90.1,90.1,90.1,500,0
WCS,8/8/2018 9:10:00 AM,90.1,91.53,90.1,90.1,2100,0
WCS,8/9/2018 9:15:00 AM,90.1,90.1,90.1,90.1,1700,0
WCS,8/10/2018 9:50:00 AM,90.17,90.17,89.39,89.39,1700,0
WCS,8/13/2018 10:00:00 AM,90.1,90.1,90.1,90.1,1000,0
WCS,8/14/2018 2:40:00 PM,90.1,90.1,90.1,90.1,200,0
WCS,8/15/2018 2:40:00 PM,90.1,90.1,90.1,90.1,200,0
WCS,8/22/2018 11:20:00 AM,90.1,90.1,89.39,90.1,600,0
WCS,8/23/2018 9:55:00 AM,90.1,90.1,90.1,90.1,500,0
WCS,8/29/2018 9:00:00 AM,91.53,91.53,91.53,91.53,600,0
WCS,8/30/2018 9:00:00 AM,91.53,91.89,91.53,91.53,600,0
WCS,9/4/2018 9:00:00 AM,92.97,92.97,92.97,92.97,100,0
WCS,9/6/2018 1:55:00 PM,90.82,90.82,90.82,90.82,1300,0
WCS,9/7/2018 9:00:00 AM,92.97,92.97,92.97,92.97,400,0
WCS,9/10/2018 2:00:00 PM,90.89,90.89,90.89,90.89,400,0
WCS,9/12/2018 10:50:00 AM,91.53,91.53,90.59,90.59,300,0
WCS,9/13/2018 10:20:00 AM,90.59,90.59,90.59,90.59,100,0
WCS,9/17/2018 9:05:00 AM,90.67,90.82,90.59,90.82,900,0
WCS,9/18/2018 9:55:00 AM,90.82,90.82,90.67,90.82,300,0
WCS,9/19/2018 1:40:00 PM,90.82,90.82,90.82,90.82,200,0
WCS,9/20/2018 2:25:00 PM,90.1,90.1,90.1,90.1,100,0
WCS,9/24/2018 1:00:00 PM,90.17,90.17,90.1,90.17,1400,0
WCS,9/25/2018 1:00:00 PM,90.17,90.17,90.17,90.17,600,0
WCS,9/26/2018 1:15:00 PM,90.24,90.24,90.24,90.24,1200,0
WCS,9/27/2018 1:00:00 PM,90.52,90.52,90.46,90.46,500,0
WCS,9/28/2018 10:20:00 AM,90.46,91.53,90.46,91.53,400,0
WCS,10/1/2018 9:40:00 AM,92.89,93.18,91.6,91.6,400,0
WCS,10/3/2018 1:50:00 PM,92.1,98.83,92.1,98.83,300,0
WCS,10/11/2018 9:00:00 AM,90.59,97.89,90.59,97.89,200,0
WCS,10/12/2018 9:35:00 AM,91.6,97.18,91.6,97.18,500,0
WCS,10/16/2018 1:50:00 PM,94.39,96.32,94.39,96.32,200,0
WCS,10/17/2018 1:15:00 PM,96.32,96.32,96.32,96.32,800,0
WCS,10/18/2018 1:00:00 PM,95.32,95.32,94.39,94.39,1800,0
WCS,10/19/2018 9:30:00 AM,94.39,94.39,92.97,92.97,1700,0
WCS,10/22/2018 11:20:00 AM,92.97,92.97,92.97,92.97,1000,0
WCS,10/25/2018 9:05:00 AM,90.67,90.82,90.59,90.82,300,0
WCS,10/29/2018 2:20:00 PM,91.89,91.89,90.59,90.59,400,0
WCS,10/30/2018 9:55:00 AM,90.59,90.59,90.59,90.59,100,0
WCS,10/31/2018 9:00:00 AM,89.39,89.54,89.39,89.54,500,0
WCS,11/1/2018 9:40:00 AM,89.54,89.54,89.54,89.54,200,0
WCS,11/9/2018 2:00:00 PM,90.1,90.1,89.74,89.74,800,0
WCS,11/12/2018 2:00:00 PM,89.74,89.74,89.39,89.39,200,0
WCS,11/13/2018 9:00:00 AM,89.74,89.74,89.74,89.74,1000,0
WCS,11/15/2018 9:20:00 AM,90.1,90.1,90.1,90.1,300,0
WCS,11/20/2018 1:40:00 PM,91.53,91.53,91.53,91.53,100,0
WCS,11/26/2018 9:00:00 AM,82.38,82.38,82.38,82.38,100,0
WCS,12/3/2018 9:10:00 AM,90.59,92.97,90.59,92.97,200,0
WCS,12/4/2018 9:00:00 AM,86.95,86.95,86.95,86.95,100,0
WCS,12/6/2018 9:05:00 AM,92.97,92.97,92.97,92.97,1100,0
WCS,12/7/2018 9:00:00 AM,92.89,92.97,92.89,92.97,200,0
WCS,12/10/2018 9:05:00 AM,92.25,92.25,92.25,92.25,400,0
WCS,12/11/2018 9:40:00 AM,93.6,96.54,92.97,96.54,2500,0
WCS,12/13/2018 9:15:00 AM,94.03,95.11,94.03,95.11,600,0
WCS,12/14/2018 9:05:00 AM,94.39,94.75,94.39,94.75,600,0
WCS,12/17/2018 10:05:00 AM,95.11,95.11,94.75,94.75,1100,0
WCS,12/18/2018 9:15:00 AM,95.11,95.11,94.75,94.75,1300,0
WCS,12/20/2018 9:00:00 AM,85.31,85.31,85.31,85.31,100,0
WCS,12/21/2018 9:00:00 AM,85.31,92.97,85.31,92.97,300,0
WCS,12/25/2018 1:10:00 PM,93.31,93.31,92.97,92.97,200,0
WCS,12/26/2018 10:15:00 AM,92.97,92.97,92.97,92.97,600,0
WCS,12/27/2018 9:05:00 AM,95.11,95.11,95.11,95.11,800,0
WCS,12/28/2018 10:30:00 AM,95.11,95.11,95.11,95.11,1900,0
WCS,1/2/2019 10:35:00 AM,95.11,95.11,95.11,95.11,800,0
WCS,1/3/2019 9:00:00 AM,86.95,86.95,86.95,86.95,100,0
WCS,1/8/2019 9:00:00 AM,88.17,88.17,88.17,88.17,100,0
WCS,1/10/2019 10:30:00 AM,89.74,89.74,89.74,89.74,400,0
WCS,1/11/2019 9:00:00 AM,86.24,86.24,86.24,86.24,100,0
WCS,1/15/2019 9:20:00 AM,93.96,93.96,93.67,93.67,400,0
WCS,1/17/2019 9:00:00 AM,96.54,96.54,96.54,96.54,100,0
WCS,1/18/2019 9:00:00 AM,89.1,91.6,89.1,91.53,600,0
WCS,1/21/2019 1:35:00 PM,91.89,94.39,91.53,94.39,1200,0
WCS,1/25/2019 10:05:00 AM,92.25,92.25,92.25,92.25,600,0
WCS,1/30/2019 9:00:00 AM,92.97,92.97,92.97,92.97,700,0
WCS,2/12/2019 11:15:00 AM,92.97,94.75,92.97,94.75,2600,0
WCS,2/13/2019 9:30:00 AM,92.32,92.32,92.32,92.32,1000,0
WCS,2/18/2019 1:50:00 PM,92.97,92.97,92.82,92.82,700,0
WCS,2/19/2019 9:50:00 AM,92.97,92.97,92.82,92.82,1400,0
WCS,2/20/2019 10:35:00 AM,92.82,92.82,92.82,92.82,7000,0
WCS,2/26/2019 11:20:00 AM,95.82,95.82,95.82,95.82,200,0
WCS,2/28/2019 1:00:00 PM,94.03,94.03,93.82,93.82,800,0
WCS,3/4/2019 9:25:00 AM,93.89,93.89,93.82,93.82,1200,0
WCS,3/8/2019 10:30:00 AM,96.54,96.54,96.54,96.54,400,0
WCS,3/11/2019 10:10:00 AM,96.54,96.54,96.54,96.54,100,0
WCS,3/12/2019 1:15:00 PM,97.25,97.25,97.25,97.25,100,0
WCS,3/14/2019 9:00:00 AM,95.25,114.42,95.25,114.42,1900,0
WCS,3/15/2019 9:00:00 AM,102.98,114.42,102.98,114.42,300,0
WCS,3/18/2019 1:15:00 PM,114.34,114.34,114.34,114.34,1000,0
WCS,3/21/2019 10:55:00 AM,112.28,112.28,112.28,112.28,300,0
WCS,3/26/2019 11:15:00 AM,103.69,103.69,103.69,103.69,100,0
WCS,3/28/2019 9:00:00 AM,93.31,93.31,93.31,93.31,100,0
WCS,4/1/2019 9:00:00 AM,95.82,95.82,95.82,95.82,100,0
WCS,4/2/2019 9:00:00 AM,96.54,113.34,96.54,113.34,1500,0
WCS,4/3/2019 9:00:00 AM,103.69,108.05,103.69,108.05,200,0
WCS,4/4/2019 9:00:00 AM,98.68,98.68,98.68,98.68,100,0
WCS,4/5/2019 9:40:00 AM,100.1,108.48,100.1,108.34,1800,0
WCS,4/8/2019 9:00:00 AM,98.68,98.68,98.68,98.68,100,0
WCS,4/9/2019 9:20:00 AM,107.26,107.26,107.26,107.26,400,0
WCS,4/10/2019 9:00:00 AM,100.82,100.82,100.82,100.82,100,0
WCS,4/16/2019 9:00:00 AM,101.83,118.77,101.83,118.7,5900,0
WCS,4/17/2019 9:10:00 AM,113.7,117.98,113.7,117.98,7300,0
WCS,4/18/2019 9:20:00 AM,125.14,125.14,118.7,124.49,2000,0
WCS,4/19/2019 9:35:00 AM,128.72,134.43,128.72,134.43,5600,0
WCS,4/22/2019 9:00:00 AM,132.29,135.15,128,128,5000,0
WCS,4/23/2019 9:30:00 AM,128.72,128.72,121.07,128.72,2600,0
WCS,4/24/2019 10:45:00 AM,121.56,128.43,121.07,128.43,1800,0
WCS,5/7/2019 9:20:00 AM,116.48,117.98,116.48,116.56,2200,0
WCS,5/8/2019 10:15:00 AM,120.85,121.56,120.85,121.56,1700,0
WCS,5/10/2019 9:50:00 AM,121.56,121.56,121.56,121.56,600,0
WCS,5/20/2019 10:50:00 AM,117.98,117.98,115.13,115.13,2000,0
WCS,5/21/2019 9:45:00 AM,117.98,125.14,117.98,125.14,600,0
WCS,5/22/2019 10:25:00 AM,125.14,128.72,125.14,128.72,11400,0
WCS,5/23/2019 9:00:00 AM,128.72,128.72,128.72,128.72,8400,0
WCS,5/24/2019 9:45:00 AM,128.72,129.44,127.28,128,7100,0
WCS,5/27/2019 9:30:00 AM,127.28,132.29,121.56,128,2300,0
WCS,5/28/2019 10:40:00 AM,128.72,128.72,128.72,128.72,2200,0
WCS,5/30/2019 9:15:00 AM,128.72,128.72,128.72,128.72,4300,0
WCS,5/31/2019 9:45:00 AM,128.72,128.72,128.72,128.72,300,0
WCS,6/3/2019 11:00:00 AM,128,128.72,126.57,128.72,4700,0
WCS,6/4/2019 9:10:00 AM,128.72,128.72,128,128.72,6800,0
WCS,6/5/2019 9:25:00 AM,129.44,136.58,119.42,128.72,16800,0
WCS,6/6/2019 10:00:00 AM,128.72,128.72,128.72,128.72,3600,0
WCS,6/7/2019 9:00:00 AM,130.28,131.84,124.81,131.84,2900,0
WCS,6/10/2019 9:35:00 AM,124.81,124.81,118.65,124.81,5300,0
WCS,6/11/2019 1:10:00 PM,119.36,124.66,118.65,124.66,1800,0
WCS,6/12/2019 9:25:00 AM,117.79,117.79,117.79,117.79,100,0
WCS,6/13/2019 9:15:00 AM,124.66,132.54,124.66,124.81,7400,0
WCS,6/14/2019 9:00:00 AM,123.95,124.81,123.26,123.26,500,0
WCS,6/17/2019 10:55:00 AM,116.32,124.03,116.32,124.03,600,0
WCS,6/18/2019 9:00:00 AM,124.03,128.64,124.03,124.81,2600,0
WCS,6/20/2019 1:20:00 PM,124.73,124.81,124.73,124.81,800,0
WCS,6/25/2019 1:25:00 PM,124.81,127.01,124.81,127.01,300,0
WCS,6/26/2019 9:05:00 AM,138.08,138.08,138.08,138.08,11800,0
WCS,6/27/2019 2:00:00 PM,125.59,125.59,124.81,124.81,800,0
WCS,6/28/2019 1:15:00 PM,127.16,127.16,127.16,127.16,100,0
WCS,7/2/2019 1:00:00 PM,125.59,125.59,125.59,125.59,1100,0
WCS,7/3/2019 10:25:00 AM,124.81,124.81,124.81,124.81,100,0
WCS,7/4/2019 11:25:00 AM,126.3,126.3,126.3,126.3,100,0
WCS,7/5/2019 1:35:00 PM,119.36,119.36,119.36,119.36,100,0
WCS,7/8/2019 9:50:00 AM,118.65,120.99,118.65,120.91,1900,0
WCS,7/9/2019 9:40:00 AM,121.07,123.95,121.07,123.95,200,0
WCS,7/10/2019 1:40:00 PM,121.7,121.7,121.7,121.7,100,0
WCS,7/11/2019 1:00:00 PM,120.91,120.91,120.91,120.91,100,0
WCS,7/12/2019 1:55:00 PM,118.81,118.81,118.81,118.81,100,0
WCS,7/17/2019 2:05:00 PM,118.57,118.57,118.57,118.57,200,0
WCS,7/19/2019 9:00:00 AM,118.57,129.42,118.57,129.42,200,0
WCS,7/22/2019 1:10:00 PM,118.89,118.89,118.89,118.89,600,0
WCS,7/23/2019 9:55:00 AM,118.18,118.89,117.79,118.89,1400,0
WCS,7/25/2019 11:20:00 AM,117.87,117.87,117.87,117.87,100,0
WCS,7/26/2019 9:40:00 AM,117.87,118.57,117.87,118.57,500,0
WCS,7/29/2019 10:45:00 AM,117.87,117.87,117.79,117.79,1200,0
WCS,7/30/2019 10:45:00 AM,118.57,123.26,118.57,123.26,300,0
WCS,7/31/2019 2:45:00 PM,118.57,118.57,118.57,118.57,100,0
WCS,8/1/2019 10:40:00 AM,118.03,118.03,117.95,117.95,200,0
WCS,8/2/2019 10:40:00 AM,120.91,120.91,120.91,120.91,300,0
WCS,8/5/2019 10:50:00 AM,119.36,119.36,119.36,119.36,1700,0
WCS,8/6/2019 1:00:00 PM,120.91,120.91,120.91,120.91,2800,0
WCS,8/12/2019 10:50:00 AM,123.42,123.49,123.42,123.49,600,0
WCS,8/13/2019 10:10:00 AM,120.91,122.48,120.14,122.48,700,0
WCS,8/15/2019 2:05:00 PM,122.48,122.48,122.48,122.48,100,0
WCS,8/19/2019 11:15:00 AM,120.91,120.91,120.91,120.91,100,0
WCS,8/20/2019 11:25:00 AM,121.15,121.15,121.15,121.15,300,0
WCS,8/21/2019 10:20:00 AM,121.31,121.31,121.15,121.15,1300,0
WCS,8/22/2019 11:10:00 AM,119.75,119.75,119.75,119.75,100,0
WCS,8/23/2019 1:45:00 PM,120.67,120.67,120.6,120.6,200,0
WCS,8/26/2019 9:25:00 AM,119.75,119.75,119.75,119.75,200,0
WCS,8/27/2019 2:20:00 PM,120.14,120.14,120.14,120.14,100,0
WCS,8/28/2019 1:20:00 PM,119.43,119.43,119.43,119.43,300,0
WCS,8/29/2019 9:50:00 AM,118.57,118.57,118.57,118.57,600,0
WCS,8/30/2019 10:05:00 AM,119.43,120.06,119.43,120.06,1400,0
WCS,9/3/2019 2:20:00 PM,120.14,120.14,120.06,120.06,2400,0
WCS,9/4/2019 9:20:00 AM,120.06,120.06,120.06,120.06,100,0
WCS,9/6/2019 9:10:00 AM,124.03,132.39,121.31,121.31,1600,0
WCS,9/9/2019 1:55:00 PM,119.82,119.82,119.82,119.82,200,0
WCS,9/10/2019 11:10:00 AM,120.14,120.14,119.82,119.82,700,0
WCS,9/13/2019 9:25:00 AM,119.82,119.82,119.36,119.36,1200,0
WCS,9/16/2019 9:20:00 AM,121.7,121.7,121.7,121.7,300,0
WCS,9/17/2019 10:10:00 AM,120.91,120.91,120.91,120.91,200,0
WCS,9/18/2019 9:25:00 AM,120.91,120.91,120.91,120.91,100,0
WCS,9/19/2019 9:15:00 AM,123.57,123.57,123.57,123.57,100,0
WCS,9/20/2019 9:00:00 AM,127.94,136.44,127.94,136.13,9000,0
WCS,9/23/2019 9:25:00 AM,136.13,136.13,136.13,136.13,2600,0
WCS,9/24/2019 9:15:00 AM,132.62,140.42,132.62,136.52,600,0
WCS,9/25/2019 9:00:00 AM,136.52,136.91,132.62,132.62,1500,0
WCS,9/26/2019 2:45:00 PM,134.95,134.95,134.95,134.95,100,0
WCS,9/27/2019 10:05:00 AM,134.95,136.44,134.95,134.95,2300,0
WCS,9/30/2019 9:30:00 AM,136.13,136.2,136.13,136.2,800,0
WCS,10/1/2019 9:15:00 AM,136.05,136.75,135.74,136.67,1400,0
WCS,10/2/2019 9:15:00 AM,135.74,137.3,135.74,136.13,700,0
WCS,10/3/2019 9:10:00 AM,136.52,140.42,134.17,134.17,1200,0
WCS,10/4/2019 9:20:00 AM,133.4,134.17,133.4,134.17,5300,0
WCS,10/7/2019 9:05:00 AM,134.17,134.17,121.7,128.72,11600,0
WCS,10/8/2019 9:10:00 AM,124.89,131.84,124.89,131.05,5300,0
WCS,10/9/2019 9:00:00 AM,142.57,142.57,139.47,139.91,8000,0
WCS,10/10/2019 10:15:00 AM,139.47,139.47,139.47,139.47,400,0
WCS,10/11/2019 9:30:00 AM,133.72,141.15,133.72,140.79,500,0
WCS,10/14/2019 9:55:00 AM,138.14,138.14,132.83,132.83,900,0
WCS,10/15/2019 9:30:00 AM,132.83,133.27,131.94,132.83,1500,0
WCS,10/16/2019 9:30:00 AM,132.83,140.18,132.83,133.72,500,0
WCS,10/17/2019 9:55:00 AM,133.72,133.72,133.72,133.72,1700,0
WCS,10/18/2019 1:55:00 PM,132.83,132.83,131.94,131.94,1700,0
WCS,10/22/2019 9:45:00 AM,131.94,136.46,131.05,136.46,3400,0
WCS,10/23/2019 1:10:00 PM,133.01,133.01,132.83,132.83,300,0
WCS,10/24/2019 1:35:00 PM,131.94,132.83,131.94,132.83,800,0
WCS,10/25/2019 9:20:00 AM,133.72,133.72,133.72,133.72,100,0
WCS,10/28/2019 2:15:00 PM,133.72,133.72,133.72,133.72,100,0
WCS,10/29/2019 10:55:00 AM,134.6,134.6,133.72,133.72,400,0
WCS,10/30/2019 10:00:00 AM,133.72,135.48,133.72,135.48,400,0
WCS,10/31/2019 9:45:00 AM,134.6,134.6,134.6,134.6,500,0
WCS,11/1/2019 2:45:00 PM,133.72,133.72,133.72,133.72,200,0
WCS,11/4/2019 9:30:00 AM,133.81,133.81,133.81,133.81,1600,0
WCS,11/5/2019 10:20:00 AM,133.72,133.72,133.72,133.72,100,0
WCS,11/6/2019 10:10:00 AM,133.72,133.72,133.72,133.72,600,0
WCS,11/7/2019 9:20:00 AM,134.6,134.6,134.6,134.6,400,0
WCS,11/8/2019 9:10:00 AM,134.6,134.6,134.6,134.6,200,0
WCS,11/11/2019 1:05:00 PM,132.39,132.39,132.39,132.39,100,0
WCS,11/12/2019 9:00:00 AM,134.6,136.37,131.94,136.37,4100,0
WCS,11/13/2019 9:00:00 AM,136.37,136.37,135.48,135.48,1300,0
WCS,11/15/2019 10:50:00 AM,134.6,134.6,133.72,133.72,1700,0
WCS,11/18/2019 10:10:00 AM,133.72,133.72,133.72,133.72,200,0
WCS,11/20/2019 1:40:00 PM,133.72,133.72,133.72,133.72,800,0
WCS,11/21/2019 1:00:00 PM,137.25,137.25,137.25,137.25,200,0
WCS,11/22/2019 9:25:00 AM,137.25,137.25,135.48,135.48,2800,0
WCS,11/25/2019 10:25:00 AM,126.63,128.49,126.63,128.49,800,0
WCS,11/26/2019 2:45:00 PM,131.23,131.23,131.23,131.23,500,0
WCS,12/4/2019 11:25:00 AM,132.83,132.83,132.83,132.83,100,0
WCS,12/10/2019 2:10:00 PM,132.83,132.83,132.83,132.83,100,0
WCS,12/11/2019 2:15:00 PM,132.83,139.91,132.83,139.91,200,0
WCS,12/17/2019 9:55:00 AM,132.83,133.72,132.83,133.72,600,0
WCS,12/19/2019 10:50:00 AM,133.72,133.72,133.72,133.72,1000,0
WCS,12/20/2019 9:10:00 AM,133.72,133.72,133.72,133.72,100,0
WCS,12/23/2019 1:40:00 PM,132.83,132.83,131.94,131.94,900,0
WCS,12/26/2019 1:10:00 PM,131.94,131.94,131.94,131.94,600,0
WCS,12/30/2019 2:45:00 PM,131.94,131.94,131.94,131.94,100,0
WCS,1/2/2020 11:00:00 AM,129.38,129.38,129.38,129.38,1000,0
WCS,1/3/2020 11:15:00 AM,132.83,132.83,132.83,132.83,200,0
WCS,1/6/2020 10:30:00 AM,133.72,134.6,133.72,134.6,200,0
WCS,1/7/2020 10:25:00 AM,133.72,133.72,132.83,132.83,800,0
WCS,1/8/2020 10:05:00 AM,132.83,132.83,132.83,132.83,400,0
WCS,1/9/2020 9:05:00 AM,135.48,135.48,135.48,135.48,700,0
WCS,1/10/2020 9:25:00 AM,136.37,136.37,134.6,135.48,10100,0
WCS,1/13/2020 10:15:00 AM,135.48,135.48,135.48,135.48,1400,0
WCS,1/14/2020 10:10:00 AM,135.48,139.91,135.48,139.91,2600,0
WCS,1/16/2020 9:00:00 AM,125.92,139.83,125.92,139.83,200,0
WCS,1/17/2020 9:00:00 AM,125.92,146.02,125.92,141.68,300,0
WCS,1/21/2020 9:55:00 AM,138.14,138.14,136.82,138.14,3800,0
WCS,1/22/2020 9:35:00 AM,138.14,138.14,138.14,138.14,4200,0
WCS,1/30/2020 9:40:00 AM,138.14,138.14,138.05,138.05,1200,0
WCS,1/31/2020 10:00:00 AM,138.05,138.05,137.25,137.25,1500,0
WCS,2/3/2020 9:00:00 AM,137.25,137.25,125.83,135.84,3700,0
WCS,2/4/2020 9:00:00 AM,131.94,131.94,131.05,131.05,3600,0
WCS,2/5/2020 9:05:00 AM,131.94,135.93,131.94,135.93,1800,0
WCS,2/6/2020 10:55:00 AM,135.84,135.84,135.84,135.84,100,0
WCS,2/7/2020 10:05:00 AM,135.84,135.84,135.84,135.84,400,0
WCS,2/10/2020 10:00:00 AM,134.6,134.6,134.6,134.6,2700,0
WCS,2/11/2020 10:45:00 AM,136.37,136.37,136.37,136.37,1600,0
WCS,2/12/2020 9:05:00 AM,136.37,136.37,136.37,136.37,1600,0
WCS,2/14/2020 10:45:00 AM,137.25,137.25,137.25,137.25,200,0
WCS,2/17/2020 9:50:00 AM,135.93,135.93,135.93,135.93,500,0
WCS,2/18/2020 10:00:00 AM,137.25,137.25,137.25,137.25,200,0
WCS,2/19/2020 10:15:00 AM,137.25,137.25,137.25,137.25,600,0
WCS,2/20/2020 10:05:00 AM,138.14,139.74,137.25,137.25,800,0
WCS,2/21/2020 1:55:00 PM,137.69,137.69,137.25,137.25,500,0
WCS,2/24/2020 9:00:00 AM,137.25,137.25,137.25,137.25,300,0
WCS,2/25/2020 9:15:00 AM,136.37,136.82,136.37,136.37,1600,0
WCS,2/26/2020 10:50:00 AM,137.25,137.25,137.25,137.25,500,0
WCS,2/27/2020 10:30:00 AM,139.91,139.91,139.91,139.91,300,0
WCS,2/28/2020 1:35:00 PM,139.91,139.91,139.91,139.91,100,0
WCS,3/2/2020 9:55:00 AM,139.91,142.57,139.91,142.57,1500,0
WCS,3/3/2020 1:00:00 PM,144.34,146.56,144.34,146.56,600,0
WCS,3/4/2020 9:05:00 AM,150.54,153.64,150.54,153.29,3200,0
WCS,3/5/2020 9:00:00 AM,150.54,150.54,150.54,150.54,100,0
WCS,3/6/2020 9:25:00 AM,153.2,153.2,153.2,153.2,300,0
WCS,3/9/2020 9:00:00 AM,150.72,150.72,148.77,148.77,3300,0
WCS,3/10/2020 9:00:00 AM,133.89,133.89,133.89,133.89,100,0
WCS,3/11/2020 10:45:00 AM,147.27,147.27,147.27,147.27,3400,0
WCS,3/12/2020 9:40:00 AM,147.43,147.88,147.27,147.79,3900,0
WCS,3/13/2020 9:00:00 AM,132.56,147,132.56,147,400,0
WCS,3/16/2020 9:25:00 AM,131.94,145.58,131.94,145.31,3000,0
WCS,3/17/2020 9:00:00 AM,145.22,147,142.57,147,2700,0
WCS,3/18/2020 10:05:00 AM,143.46,143.46,142.84,143.1,1500,0
WCS,3/19/2020 10:20:00 AM,143.01,143.01,141.68,141.68,3100,0
WCS,3/20/2020 9:40:00 AM,142.04,142.57,142.04,142.57,800,0
WCS,3/23/2020 9:00:00 AM,142.84,146.11,142.04,142.04,3500,0
WCS,3/24/2020 9:15:00 AM,136.37,146.11,136.37,145.13,1400,0
WCS,3/25/2020 9:15:00 AM,145.22,146.11,145.22,145.22,400,0
WCS,3/26/2020 9:20:00 AM,145.22,145.22,145.22,145.22,700,0
WCS,3/27/2020 1:00:00 PM,144.34,144.34,144.34,144.34,800,0
WCS,3/30/2020 9:05:00 AM,143.46,143.46,142.75,142.75,2300,0
WCS,3/31/2020 9:00:00 AM,128.93,129.02,128.93,129.02,3300,0
WCS,4/1/2020 1:00:00 PM,132.83,132.83,132.83,132.83,100,0
WCS,4/3/2020 9:00:00 AM,127.6,132.83,127.6,132.83,400,0
WCS,4/6/2020 9:00:00 AM,133.72,139.03,132.83,139.03,500,0
WCS,4/7/2020 9:00:00 AM,132.83,132.83,132.83,132.83,100,0
WCS,4/8/2020 9:20:00 AM,137.25,137.25,137.25,137.25,1000,0
WCS,4/9/2020 9:55:00 AM,137.25,137.25,137.25,137.25,300,0
WCS,4/10/2020 10:50:00 AM,138.14,138.14,138.14,138.14,1100,0
WCS,4/13/2020 11:00:00 AM,138.58,138.58,138.58,138.58,100,0
WCS,4/14/2020 11:20:00 AM,138.49,138.49,138.41,138.41,200,0
WCS,4/15/2020 9:20:00 AM,138.32,138.32,138.23,138.23,1600,0
WCS,4/16/2020 9:35:00 AM,138.23,138.23,138.14,138.14,1300,0
WCS,4/20/2020 9:40:00 AM,138.32,138.32,138.23,138.23,400,0
WCS,4/21/2020 9:30:00 AM,138.58,138.58,138.32,138.32,1900,0
WCS,4/22/2020 9:00:00 AM,128.93,128.93,128.93,128.93,100,0
WCS,4/23/2020 9:00:00 AM,128.93,139.03,128.93,139.03,900,0
WCS,4/27/2020 2:05:00 PM,138.49,143.46,138.49,143.46,4000,0
WCS,4/28/2020 2:45:00 PM,139.03,139.03,139.03,139.03,100,0
WCS,5/4/2020 1:15:00 PM,139.2,139.2,139.2,139.2,100,0
WCS,5/5/2020 9:20:00 AM,139.29,139.29,139.29,139.29,100,0
WCS,5/6/2020 9:20:00 AM,150.54,150.54,150.54,150.54,300,0
WCS,5/7/2020 9:00:00 AM,135.48,135.48,135.48,135.48,100,0
WCS,5/8/2020 1:35:00 PM,138.49,138.49,138.49,138.49,100,0
WCS,5/11/2020 9:50:00 AM,139.47,146.11,139.47,146.11,1500,0
WCS,5/12/2020 9:00:00 AM,141.68,141.68,141.68,141.68,100,0
WCS,5/13/2020 1:35:00 PM,143.9,143.9,143.9,143.9,100,0
WCS,5/14/2020 1:05:00 PM,144.42,144.42,144.42,144.42,200,0
WCS,5/18/2020 9:30:00 AM,144.78,144.78,144.78,144.78,100,0
WCS,5/19/2020 9:10:00 AM,149.21,149.21,148.77,148.77,400,0
WCS,5/20/2020 9:05:00 AM,152.31,152.31,152.31,152.31,100,0
WCS,5/22/2020 1:10:00 PM,147.88,147.88,147.43,147.43,300,0
WCS,5/25/2020 2:45:00 PM,148.77,148.77,148.77,148.77,100,0
WCS,5/26/2020 10:30:00 AM,148.77,150.54,148.77,150.54,800,0
WCS,5/27/2020 9:25:00 AM,150.54,150.54,150.54,150.54,100,0
WCS,5/29/2020 9:20:00 AM,150.54,150.54,150.54,150.54,200,0
WCS,6/1/2020 9:20:00 AM,149.21,149.21,149.21,149.21,100,0
WCS,6/2/2020 10:30:00 AM,149.21,149.21,149.21,149.21,100,0
WCS,6/3/2020 9:35:00 AM,149.21,149.21,149.21,149.21,100,0
WCS,6/4/2020 9:10:00 AM,149.21,149.21,146.11,146.11,400,0
WCS,6/5/2020 9:00:00 AM,150.54,150.54,150.54,150.54,100,0
WCS,6/8/2020 9:40:00 AM,150.54,150.54,150.54,150.54,700,0
WCS,6/9/2020 9:55:00 AM,150.54,150.54,150.54,150.54,100,0
WCS,6/10/2020 1:20:00 PM,150.54,150.54,150.54,150.54,100,0
WCS,6/11/2020 11:10:00 AM,152.4,152.4,152.4,152.4,100,0
WCS,6/12/2020 10:35:00 AM,150.63,150.63,150.63,150.63,200,0
WCS,6/16/2020 9:40:00 AM,150.63,150.63,150.63,150.63,100,0
WCS,6/17/2020 9:00:00 AM,175.33,175.33,175.33,175.33,11100,0
WCS,6/18/2020 9:00:00 AM,192.15,192.87,192.15,192.87,21900,0
WCS,6/19/2020 9:00:00 AM,212.08,212.08,199.24,207.66,18000,0
WCS,6/22/2020 9:25:00 AM,208.1,208.1,192.15,193.04,5700,0
WCS,6/23/2020 9:15:00 AM,178.43,182.42,177.11,177.11,18000,0
WCS,6/24/2020 9:15:00 AM,177.19,188.61,175.77,175.77,4500,0
WCS,6/26/2020 11:10:00 AM,178.7,182.42,178.52,182.33,1100,0
WCS,6/29/2020 9:05:00 AM,192.15,192.15,178.96,178.96,1400,0
WCS,6/30/2020 9:35:00 AM,178.78,178.78,178.78,178.78,100,0
WCS,7/1/2020 9:10:00 AM,178.07,182.42,177.98,182.42,1600,0
WCS,7/2/2020 9:10:00 AM,181.97,181.97,181.53,181.53,1100,0
WCS,7/3/2020 9:35:00 AM,185.87,197.47,185.07,194.82,5100,0
WCS,7/6/2020 9:10:00 AM,199.24,199.24,196.14,199.24,7000,0
WCS,7/7/2020 9:10:00 AM,203.67,203.67,199.24,202.78,1300,0
WCS,7/8/2020 9:05:00 AM,201.89,201.89,197.56,197.56,7200,0
WCS,7/9/2020 10:00:00 AM,197.56,201.89,197.56,201.89,1700,0
WCS,7/10/2020 9:40:00 AM,201.02,201.46,200.57,201.02,2300,0
WCS,7/13/2020 9:15:00 AM,201.89,201.89,201.02,201.81,6500,0
WCS,7/14/2020 9:15:00 AM,201.89,202.78,201.89,202.78,6700,0
WCS,7/15/2020 9:00:00 AM,208.1,208.1,202.69,203.31,3400,0
WCS,7/16/2020 9:05:00 AM,182.01,186.45,182.01,184.67,5300,0
WCS,7/17/2020 9:45:00 AM,183.78,183.78,178.46,178.46,5100,0
WCS,7/20/2020 9:15:00 AM,177.57,177.57,171.35,173.75,3100,0
WCS,7/21/2020 9:35:00 AM,173.13,173.13,167.45,167.89,5400,0
WCS,7/22/2020 9:00:00 AM,167.36,173.13,164.25,173.13,1300,0
WCS,7/24/2020 9:50:00 AM,174.02,175.35,167.8,168.69,3400,0
WCS,7/27/2020 9:20:00 AM,164.25,164.25,155.37,157.24,1900,0
WCS,7/28/2020 10:00:00 AM,158.92,168.25,158.92,168.25,3300,0
WCS,7/29/2020 9:35:00 AM,173.13,173.13,155.37,159.81,3900,0
WCS,7/30/2020 1:10:00 PM,164.25,164.25,164.25,164.25,100,0
WCS,7/31/2020 9:15:00 AM,164.25,164.25,159.81,159.81,1500,0
WCS,8/4/2020 9:00:00 AM,165.14,165.14,164.25,164.25,3500,0
WCS,8/5/2020 9:00:00 AM,167.36,168.69,167.36,168.69,800,0
WCS,8/7/2020 9:00:00 AM,164.34,165.14,164.34,165.14,2300,0
WCS,8/10/2020 9:35:00 AM,170.46,170.46,170.46,170.46,100,0
WCS,8/11/2020 9:00:00 AM,170.55,170.55,170.55,170.55,1200,0
WCS,8/12/2020 9:25:00 AM,166.11,170.46,166.03,170.46,2100,0
WCS,8/13/2020 11:15:00 AM,170.46,170.46,170.46,170.46,100,0
WCS,8/14/2020 9:25:00 AM,169.58,169.58,169.58,169.58,300,0
WCS,8/17/2020 9:15:00 AM,169.58,169.58,168.69,168.69,700,0
WCS,8/18/2020 9:00:00 AM,168.69,168.69,168.69,168.69,500,0
WCS,8/19/2020 9:25:00 AM,168.69,168.69,168.69,168.69,300,0
WCS,8/20/2020 9:05:00 AM,171.35,172.24,170.46,172.24,600,0
WCS,8/21/2020 9:00:00 AM,172.24,178.46,172.24,178.46,3100,0
WCS,8/24/2020 9:30:00 AM,177.12,177.12,177.12,177.12,200,0
WCS,8/25/2020 9:00:00 AM,177.12,177.57,174.19,174.19,2900,0
WCS,8/26/2020 10:05:00 AM,177.12,177.12,177.12,177.12,100,0
WCS,8/27/2020 9:25:00 AM,177.12,177.12,177.12,177.12,300,0
WCS,8/28/2020 10:25:00 AM,177.57,177.57,177.57,177.57,100,0
WCS,8/31/2020 9:20:00 AM,177.57,177.57,177.57,177.57,200,0
WCS,9/1/2020 10:05:00 AM,175.79,175.79,175.79,175.79,400,0
WCS,9/3/2020 10:10:00 AM,176.68,176.77,176.24,176.24,1300,0
WCS,9/4/2020 9:40:00 AM,176.24,193.37,175.88,193.37,15000,0
WCS,9/7/2020 9:05:00 AM,197.99,207.75,197.99,206.87,15400,0
WCS,9/8/2020 9:00:00 AM,212.46,212.46,199.76,199.76,3100,0
WCS,9/9/2020 9:05:00 AM,195.32,195.32,190,193.1,10100,0
WCS,9/10/2020 9:00:00 AM,193.1,198.88,193.1,197.99,12100,0
WCS,9/11/2020 9:05:00 AM,198.88,198.88,195.77,195.77,2400,0
WCS,9/14/2020 9:05:00 AM,197.99,198.7,195.77,198.43,9900,0
WCS,9/15/2020 9:20:00 AM,197.99,198.88,196.74,197.1,7600,0
WCS,9/16/2020 9:05:00 AM,201,204.5,196.1,197.9,9300,0
WCS,9/17/2020 9:00:00 AM,197,198,196,198,2400,0
WCS,9/18/2020 9:15:00 AM,196.2,196.5,196.2,196.2,1100,0
WCS,9/21/2020 9:25:00 AM,196.3,196.5,196,196,4700,0
WCS,9/22/2020 9:00:00 AM,191,191.2,190,190,4600,0
WCS,9/23/2020 11:00:00 AM,190.3,190.3,190.3,190.3,100,0
WCS,9/24/2020 9:20:00 AM,191,193,191,193,300,0
WCS,9/25/2020 11:10:00 AM,193.9,193.9,193.9,193.9,100,0
WCS,9/28/2020 9:25:00 AM,194,194,194,194,200,0
WCS,9/29/2020 9:40:00 AM,191.6,194,191.6,191.8,600,0
WCS,9/30/2020 9:35:00 AM,191.7,192,191.7,192,800,0
WCS,10/1/2020 9:45:00 AM,192.2,192.2,192.2,192.2,100,0
WCS,10/2/2020 9:30:00 AM,193,193,192.5,193,5100,0
WCS,10/5/2020 9:20:00 AM,193,194.5,193,194.5,2000,0
WCS,10/6/2020 9:40:00 AM,195,195,194.4,194.4,2600,0
WCS,10/7/2020 9:25:00 AM,194.5,196,194,196,4300,0
WCS,10/8/2020 10:20:00 AM,194,194,191,192.5,5600,0
WCS,10/9/2020 2:45:00 PM,192.8,192.8,192.8,192.8,1200,0
WCS,10/12/2020 9:30:00 AM,192.6,192.6,192.6,192.6,400,0
WCS,10/15/2020 10:50:00 AM,194,194,194,194,1000,0
WCS,10/16/2020 9:00:00 AM,192,192,192,192,100,0
WCS,10/21/2020 9:00:00 AM,197,201,197,200,1600,0
WCS,10/22/2020 10:00:00 AM,199.1,201.1,199.1,201.1,1300,0
WCS,10/23/2020 9:15:00 AM,202.1,202.1,202.1,202.1,1300,0
WCS,10/29/2020 9:00:00 AM,202.2,202.2,202.2,202.2,600,0
WCS,11/3/2020 9:00:00 AM,200,200,200,200,200,0
WCS,11/5/2020 9:00:00 AM,198,198,198,198,100,0
WCS,11/9/2020 1:00:00 PM,202,202.5,202,202.5,1000,0
WCS,11/10/2020 9:50:00 AM,198.9,198.9,198.5,198.5,300,0
WCS,11/12/2020 1:50:00 PM,200,200,200,200,200,0
WCS,11/16/2020 9:30:00 AM,199.1,199.5,199.1,199.5,1700,0
WCS,11/17/2020 9:20:00 AM,200,200,200,200,200,0
WCS,11/18/2020 10:45:00 AM,200,200,200,200,200,0
WCS,11/19/2020 9:30:00 AM,199.5,200,199.5,200,800,0
WCS,11/20/2020 1:20:00 PM,203.9,203.9,203.9,203.9,100,0
WCS,11/23/2020 9:35:00 AM,203,203,203,203,100,0
WCS,11/24/2020 9:00:00 AM,184.2,184.2,184.2,184.2,100,0
WCS,11/25/2020 9:20:00 AM,200,200,200,200,100,0
WCS,11/26/2020 11:05:00 AM,202,202,202,202,200,0
WCS,11/27/2020 9:30:00 AM,202,202,202,202,100,0
WCS,11/30/2020 9:40:00 AM,202,202,202,202,900,0
WCS,12/1/2020 9:00:00 AM,202,202,202,202,1000,0
WCS,12/2/2020 9:40:00 AM,202.2,202.2,202.2,202.2,100,0
WCS,12/3/2020 9:05:00 AM,202.2,202.2,202.2,202.2,100,0
WCS,12/4/2020 9:55:00 AM,205,205,205,205,100,0
WCS,12/7/2020 9:30:54 AM,206,206.5,205.6,206.5,2000,0
WCS,12/8/2020 9:46:26 AM,206.5,207,206.5,207,700,0
WCS,12/9/2020 11:14:52 AM,210,210,207.1,207.1,2400,0
WCS,12/10/2020 10:38:49 AM,207.2,207.2,207.1,207.2,1600,0
WCS,12/11/2020 9:44:42 AM,207,210,207,210,1500,0
WCS,12/14/2020 9:01:15 AM,217,217,212,214,800,0
WCS,12/15/2020 9:25:55 AM,214,214,209,209.5,2000,0
WCS,12/16/2020 10:38:28 AM,209.6,210,209,210,1700,0
WCS,12/17/2020 9:24:36 AM,209,209,207,207,2600,0
WCS,12/18/2020 9:09:12 AM,207,209,207,209,1600,0
WCS,12/21/2020 11:29:58 AM,207.2,210,207.2,210,200,0
WCS,12/22/2020 10:09:47 AM,210,212,210,212,600,0
WCS,12/23/2020 1:19:33 PM,211.5,212,208,208,1700,0
WCS,12/24/2020 10:28:56 AM,208,209,208,209,1200,0
WCS,12/25/2020 10:37:47 AM,209,210,208.1,208.1,1100,0
WCS,12/28/2020 10:55:34 AM,210,210,210,210,100,0
WCS,12/29/2020 9:22:45 AM,209,215,209,209,1000,0
WCS,12/30/2020 9:18:06 AM,209,210.1,209,210.1,1300,0
WCS,1/4/2021 9:00:16 AM,189.1,219,189.1,215,1700,0
WCS,1/6/2021 9:21:10 AM,214,216,214,216,500,0
WCS,1/8/2021 9:21:21 AM,216,220,216,218,800,0
WCS,1/11/2021 9:38:13 AM,218,218,217,217,600,0
WCS,1/12/2021 9:28:08 AM,217,218.5,217,218.5,2200,0
WCS,1/13/2021 9:04:54 AM,217.5,219,217.5,217.5,2400,0
WCS,1/14/2021 9:39:14 AM,217.5,219.5,217.5,219.5,1300,0
WCS,1/15/2021 9:20:44 AM,225,225,221,221,800,0
WCS,1/18/2021 9:25:07 AM,222.5,222.5,220,220,1200,0
WCS,1/19/2021 9:38:09 AM,221,221,202,202,2400,0
WCS,1/20/2021 9:44:28 AM,208.8,220,208.8,220,1600,0
WCS,1/21/2021 10:10:13 AM,220,220,219,220,1800,0
WCS,1/22/2021 9:00:39 AM,220,220,212.6,219,1200,0
WCS,1/25/2021 9:35:16 AM,216,216,215,215.5,1700,0
WCS,1/26/2021 10:51:30 AM,216,216.5,215.5,215.5,1300,0
WCS,1/27/2021 9:16:59 AM,215.6,218,215.5,215.5,1700,0
WCS,1/28/2021 9:11:24 AM,215.5,215.5,204.2,204.2,3700,0
WCS,1/29/2021 9:01:11 AM,204.2,215,204.2,208,1900,0
WCS,2/1/2021 9:00:25 AM,210,210,208,210,4500,0
WCS,2/2/2021 9:15:18 AM,210,216,210,216,1400,0
WCS,2/4/2021 10:07:38 AM,218,218,217,217,300,0
WCS,2/5/2021 9:40:08 AM,217.1,220,217.1,220,1900,0
WCS,2/8/2021 9:24:30 AM,221,225,221,221,700,0
WCS,2/9/2021 1:04:04 PM,221.1,221.1,221.1,221.1,200,0
WCS,2/17/2021 9:00:15 AM,200,221.5,199,221.4,1100,0
WCS,2/18/2021 9:00:09 AM,199.3,221.4,199.3,221.4,700,0
WCS,2/19/2021 9:00:15 AM,200,221.4,200,220,500,0
WCS,2/22/2021 9:00:13 AM,201,221,201,220,1100,0
WCS,2/23/2021 9:00:10 AM,198.5,220.5,198.5,220.5,700,0
WCS,2/24/2021 9:00:01 AM,198.8,218,198.8,217,600,0
WCS,2/25/2021 9:00:04 AM,202,218,202,218,200,0
WCS,2/26/2021 9:00:04 AM,204,219,204,219,500,0
WCS,3/1/2021 9:00:08 AM,205.1,219.5,205.1,219.5,1200,0
WCS,3/2/2021 9:00:06 AM,206.2,220,206.2,219,1200,0
WCS,3/3/2021 9:00:02 AM,206.8,220,206.8,220,1500,0
WCS,3/4/2021 9:00:34 AM,207.3,220,207.3,220,700,0
WCS,3/5/2021 9:00:15 AM,208.5,211,208.5,210.3,600,0
WCS,3/8/2021 1:43:20 PM,212.1,212.1,212.1,212.1,400,0
WCS,3/9/2021 9:00:14 AM,211,218,211,215,400,0
WCS,3/10/2021 1:00:05 PM,215.3,219.8,215.3,219.8,300,0
WCS,3/11/2021 9:10:04 AM,219.8,221.5,219.8,220,3000,0
WCS,3/12/2021 9:24:04 AM,220,221.4,220,221.4,1600,0
WCS,3/15/2021 9:00:04 AM,210.5,221.4,210.5,221,1400,0
WCS,3/16/2021 10:21:57 AM,221,221,220,220,1900,0
WCS,3/17/2021 9:00:10 AM,214,220,214,220,1800,0
WCS,3/19/2021 10:53:12 AM,221.3,221.6,221.3,221.4,1500,0
WCS,3/23/2021 10:09:02 AM,221.4,221.4,221,221,1000,0
WCS,3/24/2021 9:38:29 AM,216.7,221,216.7,220.5,1200,0
WCS,3/25/2021 9:00:05 AM,208.2,221,208.2,220,900,0
WCS,3/26/2021 9:00:08 AM,210,242,210,228.5,1600,0
WCS,3/29/2021 1:00:10 PM,229.2,229.2,228.5,228.5,200,0
WCS,3/30/2021 9:00:20 AM,228,228.5,227,228.5,1600,0
WCS,3/31/2021 10:12:45 AM,228,228,228,228,1100,0
WCS,4/1/2021 9:00:44 AM,228,228,228,228,400,0
WCS,4/2/2021 9:32:36 AM,228,228,220,220,4200,0
WCS,4/5/2021 9:01:14 AM,220,220,219,220,3700,0
WCS,4/6/2021 9:16:47 AM,220.1,220.1,220,220,1200,0
WCS,4/7/2021 9:06:14 AM,220.2,221.2,220,221.2,1200,0
WCS,4/8/2021 9:01:43 AM,235,235,221.5,221.6,2100,0
WCS,4/9/2021 9:00:48 AM,221.6,222,210,217.8,3900,0
WCS,4/12/2021 9:19:42 AM,215.2,216.5,209.1,210.6,10900,0
WCS,4/13/2021 9:03:12 AM,210,212,210,212,4600,0
WCS,4/14/2021 9:00:41 AM,209,213.5,209,213.5,3300,0
WCS,4/15/2021 9:00:48 AM,211.5,213,211.5,212.5,2500,0
WCS,4/16/2021 9:11:29 AM,212.5,212.5,211.6,211.6,1900,0
WCS,4/19/2021 9:47:33 AM,211,212,211,211.6,1600,0
WCS,4/20/2021 9:17:25 AM,211,211,210,210,2700,0
WCS,4/22/2021 10:49:18 AM,210,211,210,211,800,0
WCS,4/26/2021 9:00:06 AM,209.6,210,203,204,1900,0
WCS,4/27/2021 9:00:08 AM,195,209.5,195,201,2700,0
WCS,4/28/2021 9:58:16 AM,203,205,195.6,195.6,4900,0
WCS,4/29/2021 9:08:18 AM,196.2,207,196.2,197.4,1000,0
WCS,5/4/2021 9:06:02 AM,205,205,197.4,204,1000,0
WCS,5/5/2021 9:32:23 AM,203.9,203.9,203,203,700,0
WCS,5/6/2021 9:49:48 AM,203,203.9,203,203.9,1300,0
WCS,5/7/2021 9:31:38 AM,203,203.6,203,203,1700,0
WCS,5/10/2021 9:00:18 AM,182.7,203.9,182.7,203.9,200,0
WCS,5/11/2021 9:00:06 AM,184,205,184,201,500,0
WCS,5/12/2021 9:00:05 AM,180.9,201,180.9,201,400,0
WCS,5/13/2021 10:27:11 AM,201,201.1,201,201.1,600,0
WCS,5/14/2021 10:43:35 AM,201.1,202.8,201,202.8,900,0
WCS,5/17/2021 10:56:54 AM,203.6,203.6,200,200,200,0
WCS,5/18/2021 9:00:08 AM,181,200,181,200,200,0
WCS,5/19/2021 9:00:06 AM,195,199,195,199,400,0
WCS,5/20/2021 10:04:41 AM,199,199,197,198,1600,0
WCS,5/21/2021 9:06:19 AM,198.5,198.5,197,197.1,1800,0
WCS,5/24/2021 9:00:23 AM,197,198,197,197,2100,0
WCS,5/25/2021 9:59:09 AM,197.5,197.5,197,197,2100,0
WCS,5/26/2021 9:00:09 AM,197,197.9,197,197,2700,0
WCS,5/27/2021 9:40:12 AM,197,197.9,197,197.9,1000,0
WCS,5/28/2021 9:41:22 AM,197,197,196,196,2500,0
WCS,5/31/2021 9:17:54 AM,200,200,192,192,1600,0
WCS,6/1/2021 9:24:21 AM,192,192.1,192,192.1,600,0
WCS,6/2/2021 9:44:22 AM,192.5,193.5,192.5,193.5,500,0
WCS,6/3/2021 9:48:31 AM,193,193,192.7,192.8,300,0
WCS,6/4/2021 9:38:48 AM,195,195,194,194,800,0
WCS,6/7/2021 10:38:17 AM,194,194,194,194,800,0
WCS,6/8/2021 9:00:19 AM,174.6,192,174.6,192,400,0
WCS,6/9/2021 2:45:06 PM,192,192,192,192,100,0
WCS,6/10/2021 9:00:14 AM,178,181,178,181,300,0
WCS,6/11/2021 1:18:16 PM,182,182,182,182,100,0
WCS,6/15/2021 9:42:45 AM,183,192,183,192,500,0
WCS,6/16/2021 9:59:46 AM,192,193,192,193,700,0
WCS,6/17/2021 9:54:59 AM,190,190,189,190,600,0
WCS,6/18/2021 9:49:50 AM,190,190,188,188,1000,0
WCS,6/21/2021 11:22:57 AM,198,198,198,198,1100,0
WCS,6/22/2021 9:14:14 AM,198,198,195,195,400,0
WCS,6/23/2021 11:00:10 AM,195,195,195,195,900,0
WCS,6/24/2021 9:56:50 AM,195,195,194.5,194.5,400,0
WCS,6/25/2021 1:32:51 PM,194.5,194.5,185,185,200,0
WCS,6/28/2021 9:37:21 AM,195,195,195,195,200,0
WCS,6/29/2021 9:55:32 AM,189,196.5,189,194.9,300,0
WCS,7/1/2021 9:00:19 AM,178,195,178,193,1400,0
WCS,7/2/2021 10:10:13 AM,192.5,192.5,192.5,192.5,100,0
WCS,7/5/2021 9:22:08 AM,191,191,190.5,190.5,300,0
WCS,7/6/2021 9:16:34 AM,188,188,187,187,300,0
WCS,7/7/2021 9:18:22 AM,187,187.3,187,187.3,1000,0
WCS,7/8/2021 10:04:31 AM,187.4,187.4,187,187.1,600,0
WCS,7/9/2021 9:00:09 AM,180,188,180,186.5,700,0
WCS,7/12/2021 9:44:19 AM,186.5,186.5,184.7,184.7,1900,0
WCS,7/13/2021 11:09:35 AM,184.7,184.7,184.7,184.7,200,0
WCS,7/14/2021 9:49:03 AM,184.7,184.7,183.7,183.7,300,0
WCS,7/15/2021 9:00:21 AM,165.4,190,165.4,190,400,0
WCS,7/19/2021 11:23:55 AM,177,177,177,177,600,0
WCS,7/20/2021 10:40:02 AM,170,175,170,175,1300,0
WCS,7/22/2021 2:02:03 PM,176,176,176,176,400,0
WCS,7/23/2021 10:00:32 AM,176,177,176,177,1100,0
WCS,7/28/2021 10:42:20 AM,178,178,178,178,200,0
WCS,7/30/2021 9:52:41 AM,178,178,178,178,300,0
WCS,8/2/2021 10:00:26 AM,178,178,174,174.5,1700,0
WCS,8/3/2021 10:51:42 AM,176,178,176,178,700,0
WCS,8/4/2021 9:55:59 AM,183,185,181,181,1500,0
WCS,8/5/2021 10:06:59 AM,181,181,181,181,100,0
WCS,8/6/2021 1:16:05 PM,180,180,180,180,100,0
WCS,8/9/2021 1:27:14 PM,182,182,182,182,100,0
WCS,8/10/2021 11:01:28 AM,180,180,180,180,900,0
WCS,8/11/2021 9:24:19 AM,180,185,180,184.5,800,0
WCS,8/12/2021 2:04:09 PM,186,186,183,183,2000,0
WCS,8/13/2021 9:21:08 AM,183,185,176,185,3300,0
WCS,8/16/2021 9:41:40 AM,185,185,185,185,900,0
WCS,8/17/2021 10:13:14 AM,185,185,185,185,1500,0
WCS,8/19/2021 9:00:15 AM,184,186,183,186,2000,0
WCS,8/20/2021 10:07:40 AM,185,185,182,182,900,0
WCS,8/23/2021 1:29:27 PM,181,183,180,183,1400,0
WCS,8/25/2021 1:32:41 PM,183,183,182,182,400,0
WCS,8/26/2021 11:17:12 AM,183,183,180,180,1600,0
WCS,8/27/2021 9:37:10 AM,180,182,180,182,500,0
WCS,8/30/2021 9:49:56 AM,180,181,180,181,800,0
WCS,8/31/2021 11:03:23 AM,182.5,183,182.5,183,1500,0
WCS,9/1/2021 2:29:39 PM,181,181,181,181,100,0
WCS,9/6/2021 9:01:35 AM,181,182,181,182,700,0
WCS,9/9/2021 9:44:55 AM,180,182,180,182,1000,0
WCS,9/10/2021 9:53:28 AM,182,183,182,183,1200,0
WCS,9/13/2021 10:43:40 AM,183.5,188,183.5,186,800,0
WCS,9/14/2021 1:24:52 PM,183,185.5,183,184,500,0
WCS,9/15/2021 10:01:15 AM,184,185,184,185,400,0
WCS,9/16/2021 2:14:40 PM,185,185,185,185,100,0
WCS,9/17/2021 10:08:16 AM,187,188,187,188,700,0
WCS,9/20/2021 10:33:31 AM,190,190,190,190,700,0
WCS,9/21/2021 9:08:13 AM,192,192,188,192,900,0
WCS,9/24/2021 2:07:29 PM,192.1,193,192.1,193,1300,0
WCS,9/27/2021 1:45:12 PM,193,193,193,193,100,0
WCS,9/29/2021 1:20:46 PM,193,193.8,188.5,193.8,1000,0
WCS,9/30/2021 1:48:53 PM,193,193,193,193,300,0
WCS,10/1/2021 10:01:41 AM,191,191,191,191,300,0
WCS,10/5/2021 1:02:51 PM,191,191,191,191,300,0
WCS,10/7/2021 1:45:26 PM,191,191,191,191,100,0
WCS,10/8/2021 10:43:08 AM,191,191,188,188,600,0
WCS,10/11/2021 9:18:33 AM,197.9,200,195,199,3400,0
WCS,10/12/2021 9:22:36 AM,199,200,197,200,700,0
WCS,10/13/2021 9:49:47 AM,200,200,200,200,700,0
WCS,10/14/2021 11:23:51 AM,195,195,195,195,100,0
WCS,10/15/2021 9:11:13 AM,196,197,196,197,500,0
WCS,10/18/2021 9:26:35 AM,200,209.9,200,207,400,0
WCS,10/19/2021 9:16:44 AM,207,207,204.9,204.9,400,0
WCS,10/26/2021 10:13:44 AM,195.5,204.8,192,204.8,800,0
WCS,10/27/2021 9:04:28 AM,204.8,204.8,204.8,204.8,200,0
WCS,10/28/2021 9:00:49 AM,210,213,198,198,1000,0
WCS,10/29/2021 9:33:00 AM,205,205,199,199,800,0
WCS,11/1/2021 9:23:09 AM,200,200,199,199,600,0
WCS,11/2/2021 1:23:44 PM,200,200,199,199,300,0
WCS,11/9/2021 9:36:31 AM,200,200,199,199,500,0
WCS,11/10/2021 1:30:59 PM,195,195,195,195,100,0
WCS,11/11/2021 1:39:15 PM,196,196,196,196,200,0
WCS,11/12/2021 9:56:24 AM,185.1,185.1,185.1,185.1,100,0
WCS,11/15/2021 1:46:16 PM,198,198,198,198,100,0
WCS,11/17/2021 9:46:30 AM,190,190,189.9,189.9,1700,0
WCS,11/19/2021 10:57:39 AM,193,193,193,193,300,0
WCS,11/23/2021 1:25:14 PM,190,192,190,192,2700,0
WCS,11/24/2021 9:34:32 AM,192,192,192,192,100,0
WCS,11/25/2021 1:30:40 PM,192,192,192,192,100,0
WCS,11/29/2021 1:00:37 PM,190,190,190,190,100,0
WCS,11/30/2021 9:12:42 AM,186.1,191,186.1,187,900,0
WCS,12/1/2021 9:30:50 AM,199.9,199.9,187,187,1100,0
WCS,12/3/2021 10:08:56 AM,190,190,190,190,800,0
WCS,12/6/2021 11:26:46 AM,188,188,187,187,400,0
WCS,12/9/2021 1:01:22 PM,187,187,187,187,100,0
WCS,12/10/2021 11:19:44 AM,189,191,189,191,500,0
WCS,12/14/2021 10:12:10 AM,188,188,173.1,173.1,1000,0
WCS,12/15/2021 2:20:41 PM,184,184,184,184,200,0
WCS,12/16/2021 1:55:57 PM,185,185,185,185,700,0
WCS,12/21/2021 1:10:00 PM,180,180,179,180,400,0
WCS,12/22/2021 2:26:24 PM,178,178,178,178,200,0
WCS,12/27/2021 9:41:57 AM,178,178,178,178,300,0
WCS,12/29/2021 9:01:46 AM,175.6,176.6,175.6,176.6,500,0
WCS,12/30/2021 2:06:33 PM,176.6,176.6,176.6,176.6,100,0
WCS,12/31/2021 1:21:26 PM,178,185,178,185,200,0
WCS,1/4/2022 9:03:19 AM,185,189,185,188,500,0
WCS,1/5/2022 1:00:07 PM,188,188.5,188,188.5,400,0
WCS,1/6/2022 1:02:42 PM,188.5,190,188.5,189,600,0
WCS,1/7/2022 9:06:50 AM,188,188,188,188,100,0
WCS,1/10/2022 9:18:05 AM,188,188,188,188,1400,0
WCS,1/11/2022 9:00:33 AM,188,188,188,188,100,0
WCS,1/12/2022 9:54:01 AM,180,181,180,181,400,0
WCS,1/17/2022 9:19:34 AM,179,179,179,179,100,0
WCS,1/18/2022 9:28:32 AM,181,181,175,175,600,0
WCS,1/19/2022 9:29:18 AM,180,180,176,176,400,0
WCS,1/21/2022 10:26:42 AM,176,176,176,176,300,0
WCS,1/24/2022 9:50:22 AM,176,176,176,176,300,0
WCS,1/25/2022 9:02:59 AM,175,175,175,175,200,0
WCS,1/27/2022 10:49:44 AM,174,174,174,174,200,0
WCS,1/28/2022 11:09:09 AM,175,175,175,175,400,0
WCS,2/7/2022 10:23:56 AM,187,187,186,186,200,0
WCS,2/8/2022 2:08:53 PM,186,186,186,186,500,0
WCS,2/9/2022 9:44:39 AM,186.5,186.5,186,186,800,0
WCS,2/10/2022 9:23:05 AM,175.2,175.2,175.2,175.2,200,0
WCS,2/11/2022 1:36:00 PM,189.8,189.8,189.8,189.8,300,0
WCS,2/14/2022 2:12:26 PM,189.8,189.8,189.8,189.8,100,0
WCS,2/16/2022 10:10:47 AM,189.9,190,189.9,190,300,0
WCS,2/17/2022 1:32:00 PM,190.5,190.5,190,190,700,0
WCS,2/22/2022 1:44:33 PM,190,190,190,190,500,0
WCS,2/23/2022 9:52:43 AM,193,193,193,193,200,0
WCS,2/24/2022 9:48:19 AM,187,187,187,187,2700,0
WCS,2/25/2022 11:07:23 AM,187,187,187,187,100,0
WCS,2/28/2022 1:00:03 PM,187,188,187,188,300,0
WCS,3/1/2022 1:09:14 PM,188,188,188,188,200,0
WCS,3/2/2022 10:47:07 AM,188,188,185,185,700,0
WCS,3/3/2022 10:47:29 AM,183,183,183,183,500,0
WCS,3/4/2022 9:58:48 AM,189,189,189,189,100,0
WCS,3/8/2022 1:49:13 PM,181,181,181,181,200,0
WCS,3/14/2022 11:08:09 AM,180,180,180,180,100,0
WCS,3/17/2022 2:00:43 PM,188,188,188,188,300,0
WCS,3/18/2022 9:16:29 AM,188,195,188,195,200,0
WCS,3/22/2022 9:08:03 AM,188,188,187.9,188,500,0
WCS,3/23/2022 9:34:40 AM,188,188,188,188,300,0
WCS,3/24/2022 9:23:53 AM,181,185,180,185,400,0
WCS,3/29/2022 10:04:33 AM,194,194,181.5,181.5,5700,0
WCS,3/30/2022 9:48:03 AM,193,193,192.3,192.3,500,0
WCS,3/31/2022 9:32:59 AM,192.3,192.3,190,190,900,0
WCS,4/1/2022 2:14:00 PM,190,190,190,190,100,0
WCS,4/5/2022 1:59:15 PM,190,190,190,190,100,0
WCS,4/6/2022 10:39:55 AM,193.5,195,193.5,195,1300,0
WCS,4/7/2022 9:00:36 AM,180,180,180,180,100,0
WCS,4/13/2022 10:02:53 AM,180,185,180,180,2300,0
WCS,4/15/2022 9:00:22 AM,180,180,180,180,300,0
WCS,4/20/2022 9:00:15 AM,180,185,180,185,1100,0
WCS,4/21/2022 9:00:14 AM,167.5,180.9,167.5,180.9,200,0
WCS,4/22/2022 9:00:20 AM,180.9,181,180.9,180.9,1200,0
WCS,4/25/2022 9:00:44 AM,162.9,180.2,162.9,180.2,900,0
WCS,4/26/2022 9:00:34 AM,162.2,177,162.2,177,200,0
WCS,4/27/2022 9:00:12 AM,163,163,163,163,100,0
WCS,4/28/2022 10:05:25 AM,179.3,179.3,179.3,179.3,100,0
WCS,4/29/2022 9:00:12 AM,170,181,170,181,200,0
WCS,5/4/2022 9:00:17 AM,170,181,170,181,200,0
WCS,5/5/2022 9:00:16 AM,177,181,177,181,300,0
WCS,5/6/2022 9:00:14 AM,175,175,175,175,100,0
WCS,5/9/2022 1:51:55 PM,177,177,177,177,100,0
WCS,5/10/2022 9:00:13 AM,163,164,163,164,400,0
WCS,5/11/2022 2:45:04 PM,180.4,180.4,180.4,180.4,200,0
WCS,5/12/2022 9:00:18 AM,165.5,165.5,165.5,165.5,100,0
WCS,5/13/2022 9:09:13 AM,177,177,170,170,3300,0
WCS,5/17/2022 2:45:06 PM,172,172,172,172,100,0
WCS,5/18/2022 9:41:19 AM,171,171.5,171,171.5,600,0
WCS,5/20/2022 9:44:26 AM,175,175,175,175,300,0
WCS,5/23/2022 9:00:13 AM,165,165,165,165,100,0
WCS,5/25/2022 9:23:18 AM,173,173,168,173,400,0
WCS,5/26/2022 9:00:15 AM,170,170,170,170,100,0
WCS,5/27/2022 1:44:16 PM,171.3,171.3,171.3,171.3,100,0
WCS,5/30/2022 9:24:49 AM,171,172,171,172,300,0
WCS,5/31/2022 9:15:38 AM,177,177,177,177,900,0
WCS,6/1/2022 10:48:15 AM,177,185,177,185,200,0
WCS,6/2/2022 9:00:11 AM,171,171,171,171,100,0
WCS,6/10/2022 10:50:32 AM,171.2,171.2,171.2,171.2,100,0
WCS,6/13/2022 9:57:09 AM,181,181,171.5,171.5,200,0
WCS,6/15/2022 1:54:42 PM,171.5,171.5,171.5,171.5,500,0
WCS,6/16/2022 10:12:48 AM,171.6,171.6,171.6,171.6,200,0
WCS,6/17/2022 9:27:33 AM,175,175,175,175,500,0
WCS,6/20/2022 9:00:11 AM,171.5,175,164,164,1800,0
WCS,6/21/2022 1:46:57 PM,164,164,163,163,1400,0
WCS,6/22/2022 9:00:12 AM,161,161,161,161,100,0
WCS,6/24/2022 2:06:33 PM,168.1,168.1,168,168,300,0
WCS,6/28/2022 2:45:02 PM,168,168,168,168,100,0
WCS,6/29/2022 1:46:18 PM,173,173,173,173,100,0
WCS,7/1/2022 9:00:17 AM,160.1,165,160.1,165,300,0
WCS,7/4/2022 9:00:12 AM,155.8,165,155.8,165,200,0
WCS,7/6/2022 10:02:49 AM,164,164,163,163,300,0
WCS,7/7/2022 1:18:08 PM,165,166,165,166,1800,0
WCS,7/8/2022 9:39:02 AM,167,167,167,167,100,0
WCS,7/11/2022 2:45:05 PM,175,175,175,175,100,0
WCS,7/13/2022 9:00:13 AM,162,166.8,162,166.8,300,0
WCS,7/18/2022 10:06:00 AM,170,170,170,170,200,0
WCS,7/20/2022 9:08:46 AM,166.5,170,166.5,170,1100,0
WCS,7/27/2022 9:41:56 AM,167.1,167.1,167.1,167.1,100,0
WCS,8/1/2022 1:03:39 PM,168.5,168.5,168.2,168.2,700,0
WCS,8/3/2022 9:00:05 AM,161.3,161.3,156.6,160,1600,0
WCS,8/5/2022 2:04:32 PM,175,175,175,175,100,0
WCS,8/8/2022 9:00:26 AM,162.3,170,162.3,170,600,0
WCS,8/10/2022 10:01:27 AM,170,170,170,170,200,0
WCS,8/12/2022 10:12:16 AM,170.1,170.1,170.1,170.1,500,0
WCS,8/15/2022 9:26:23 AM,170.2,170.3,170.2,170.3,700,0
WCS,8/16/2022 1:49:48 PM,170.4,170.4,170.4,170.4,600,0
WCS,8/18/2022 10:40:03 AM,172,172,170.1,170.1,600,0
WCS,8/19/2022 1:59:01 PM,170.2,170.2,170.2,170.2,100,0
WCS,8/23/2022 2:02:12 PM,170.5,170.5,170.5,170.5,100,0
WCS,8/26/2022 2:17:14 PM,170.1,170.1,170.1,170.1,1000,0
WCS,8/30/2022 9:56:22 AM,170.2,170.2,170.2,170.2,100,0
WCS,8/31/2022 9:00:07 AM,170,175,170,175,200,0
WCS,9/5/2022 11:06:51 AM,174,174,174,174,100,0
WCS,9/7/2022 1:05:54 PM,170.3,170.3,170.3,170.3,100,0
WCS,9/8/2022 9:56:05 AM,170.4,170.4,170.4,170.4,100,0
WCS,9/12/2022 2:45:03 PM,173.1,173.1,173.1,173.1,200,0
